187
188
188
192
207
209
211
215
218
219
223
225
230
231
233
235
235
238
239
239
240
243
245
247
257
260
260
260
262
265
267
271
271
274
278
287
295
295
298
301
307
307
311
311
312
314
318
321
331
331
331
332
337
340
346
351
353
353
358
360
361
362
371
375
377
381
387
396
399
402
404
407
407
410
410
414
416
418
422
425
425
425
427
428
433
433
435
441
442
444
445
445
448
451
454
454
455
458
461
461
462
465
467
469
472
473
476
476
480
485
488
496
502
506
506
508
508
512
518
520
525
527
527
530
533
538
542
546
549
552
552
561
562
568
571
573
577
577
577
578
581
582
585
586
586
595
598
598
603
603
608
611
615
617
626
628
631
631
633
635
640
643
643
643
645
648
649
649
652
655
658
659
661
663
668
674
676
680
685
690
698
700
706
710
710
714
717
722
725
725
727
730
731
734
735
736
736
740
741
746
751
753
757
759
760
761
769
773
774
779
784
784
784
784
786
786
786
790
793
797
798
799
803
804
805
809
809
815
815
816
816
816
819
824
824
826
826
830
831
833
834
836
838
841
842
844
846
848
848
850
852
854
855
859
861
862
863
865
865
866
875
878
879
880
888
890
896
900
903
907
914
915
915
916
187
188
189
189
190
192
196
197
200
200
201
201
204
205
207
207
208
210
211
215
217
218
219
219
221
222
223
223
233
233
234
235
235
238
238
239
239
241
241
245
245
245
245
247
248
249
249
250
251
257
257
258
260
263
264
265
265
265
265
267
270
274
274
275
275
275
275
276
277
277
277
278
278
278
280
280
280
282
282
282
283
284
286
289
290
291
291
292
295
295
295
295
299
303
305
305
307
307
308
310
312
312
312
313
314
315
317
317
318
318
319
323
324
324
324
326
330
332
334
336
337
337
339
340
340
341
342
343
348
349
349
351
351
352
353
354
354
354
357
357
362
362
362
363
363
363
365
366
368
370
371
371
371
371
372
372
373
374
374
374
378
381
381
381
382
385
386
387
387
388
388
388
388
390
390
390
390
390
392
392
393
394
395
395
396
396
396
396
397
398
402
402
402
402
403
404
404
407
407
408
410
410
410
416
416
416
417
419
419
419
423
423
423
424
425
427
427
427
428
428
433
433
438
439
440
441
441
442
442
442
442
443
443
444
448
448
449
451
451
451
451
452
454
454
455
456
459
459
460
460
464
466
466
467
467
467
470
470
470
471
471
472
472
473
473
477
477
479
480
482
483
483
484
485
485
486
488
488
489
489
489
492
494
494
500
502
502
507
508
508
508
508
509
510
512
513
513
515
515
515
517
518
518
518
518
521
522
523
523
524
526
526
528
531
533
533
538
539
541
542
542
544
545
545
546
547
549
549
550
550
550
553
553
553
553
554
556
558
559
560
560
562
563
563
563
563
563
564
565
565
565
566
568
568
569
570
570
570
571
571
571
572
574
575
576
576
578
578
578
578
578
581
583
584
584
586
587
587
588
590
590
590
590
590
593
594
595
595
595
598
598
598
600
600
603
603
604
604
605
607
608
610
612
613
613
614
615
615
616
617
617
618
618
622
623
624
625
626
626
626
627
628
628
631
635
635
635
637
640
640
640
641
642
643
644
644
649
652
652
652
653
655
655
655
655
657
659
659
662
663
667
667
668
668
669
670
671
671
674
674
674
675
677
678
679
680
680
683
683
683
687
688
690
692
692
693
693
693
693
696
696
696
698
698
699
699
699
700
701
707
707
708
710
710
712
714
718
718
719
719
719
719
720
721
722
722
724
725
725
725
725
727
727
730
732
732
732
733
733
735
736
736
736
737
738
738
742
743
746
747
748
749
750
750
751
752
754
755
758
759
760
762
762
763
764
766
767
769
770
771
772
774
774
774
775
775
777
782
782
784
785
785
786
786
787
788
788
791
793
794
795
796
797
797
800
802
804
806
806
807
808
809
809
810
811
812
812
815
815
817
819
820
820
821
821
823
824
825
826
827
828
829
830
830
832
833
833
834
835
836
836
837
838
838
839
840
841
843
844
845
845
846
846
846
846
847
847
849
853
854
854
855
856
859
859
860
860
861
861
861
862
862
862
863
863
865
867
868
868
868
868
868
869
869
869
869
869
871
872
872
873
874
875
876
877
878
878
879
879
880
881
882
883
883
884
886
887
889
890
891
892
892
892
893
894
895
896
896
897
897
898
898
899
900
900
901
901
902
903
903
904
905
908
910
912
913
914
915
917
1
2
2
5
9
10
15
17
18
18
19
19
20
20
20
23
26
26
26
26
26
26
26
26
30
32
39
40
40
44
44
44
47
47
50
50
50
53
55
58
62
67
70
72
74
78
78
80
80
86
86
93
94
94
96
96
103
103
105
109
109
110
110
113
113
115
115
115
116
120
120
120
120
123
125
125
125
128
130
132
137
138
138
139
140
143
143
145
147
149
153
154
154
155
158
161
163
163
163
163
165
165
165
170
173
174
174
177
181
181
183
183
186
188
196
196
197
199
200
200
201
205
215
218
222
223
223
224
225
226
230
235
235
235
239
239
243
245
245
248
250
250
250
253
255
260
260
260
260
265
265
265
266
271
278
280
282
290
292
292
295
295
295
299
299
299
301
301
301
304
315
318
318
321
329
334
334
334
340
340
342
343
352
359
361
362
363
366
371
374
375
375
375
381
381
381
385
385
387
387
390
390
396
402
402
404
404
404
407
408
410
410
414
414
416
416
425
427
427
430
433
435
435
435
441
442
448
454
479
485
489
491
491
494
496
499
502
505
506
515
515
518
518
518
520
521
523
523
532
532
533
538
542
547
547
547
547
553
561
562
562
563
563
566
568
572
575
575
578
578
581
581
581
581
585
586
586
586
587
587
588
588
590
595
595
598
600
600
603
604
611
612
612
615
616
616
616
617
618
620
626
626
626
626
631
632
634
635
645
655
655
659
659
664
668
672
675
675
680
683
685
689
692
695
698
700
702
703
703
712
712
712
716
722
722
725
726
728
754
759
759
760
760
767
774
779
780
783
783
784
784
786
786
786
786
788
790
793
4
9
9
11
12
14
15
15
17
19
21
22
24
26
27
29
33
37
42
46
48
49
52
54
57
58
60
61
66
69
70
70
70
70
70
70
70
71
71
77
81
82
83
84
88
88
88
91
93
98
99
100
100
101
101
102
102
102
103
104
107
108
111
118
126
127
130
134
136
137
141
142
147
148
148
150
150
151
151
152
157
157
159
164
165
166
168
169
169
178
178
179
180
180
183
184
193
198
199
202
206
206
206
210
210
211
214
215
227
235
235
243
243
244
246
251
256
259
260
260
261
262
265
268
268
271
274
279
279
295
295
296
298
302
305
305
306
317
317
319
327
328
341
344
344
344
346
348
350
350
351
356
358
365
367
367
368
368
373
374
375
385
385
387
387
389
391
394
394
396
400
402
410
411
412
413
415
415
416
416
427
434
438
439
439
440
447
453
485
500
500
501
502
502
502
503
503
509
511
511
520
535
541
541
546
551
551
555
558
560
560
565
565
565
575
580
585
585
593
595
598
598
598
599
600
600
601
601
601
603
606
609
609
610
610
613
615
622
622
623
623
624
626
629
631
637
638
639
643
645
645
646
646
647
649
654
659
666
667
673
674
688
688
693
693
696
697
697
697
697
698
709
710
710
721
722
723
725
729
733
759
759
766
766
766
782
783
783
791
791
791
793
793
0
3
4
5
5
6
7
8
9
9
11
12
12
12
13
16
16
17
19
21
22
24
24
24
25
26
26
26
27
27
28
31
33
33
33
34
34
35
36
36
38
38
38
38
38
41
41
42
43
45
46
48
51
54
56
59
59
61
61
61
61
61
61
61
62
62
62
63
64
65
66
67
68
68
69
69
69
69
69
73
73
75
75
76
76
76
79
79
81
83
83
85
86
87
89
90
90
90
90
92
95
97
97
98
99
99
101
102
102
106
106
107
107
107
107
109
109
112
112
114
116
117
119
119
120
121
121
121
122
122
122
124
126
127
129
129
130
131
133
133
135
135
136
137
141
142
142
144
146
146
146
154
156
156
156
157
157
158
160
162
166
167
167
167
167
167
167
168
168
169
169
171
172
175
175
175
176
178
178
178
180
181
182
185
189
190
190
191
193
194
195
196
202
202
203
208
208
212
212
212
213
216
217
220
223
223
223
225
225
225
225
225
228
229
229
229
229
232
233
234
235
235
237
238
242
244
252
252
254
256
258
258
259
259
261
262
263
265
266
266
268
272
274
276
279
279
281
282
282
284
285
285
285
293
294
295
296
297
298
300
303
305
305
306
307
309
310
311
316
317
319
319
319
320
322
322
322
325
328
329
335
336
337
338
339
340
340
340
341
341
341
341
342
344
344
345
346
347
349
349
350
350
350
354
355
356
357
358
358
360
362
364
367
367
368
368
369
371
373
374
379
379
382
383
385
386
389
394
394
395
396
397
400
400
400
401
405
407
409
409
410
410
415
415
415
416
420
420
421
423
424
424
426
427
429
431
432
433
433
436
437
439
439
440
442
446
447
449
450
453
453
453
454
454
475
475
476
478
480
481
481
484
487
488
490
493
493
495
497
497
497
498
500
500
500
500
501
501
501
501
503
503
513
513
514
514
519
520
522
522
522
522
528
529
530
534
534
535
535
536
536
537
537
540
541
542
543
544
546
546
548
550
550
550
550
554
554
557
560
562
562
564
564
568
569
571
576
579
581
584
585
589
589
589
591
592
592
594
595
596
597
598
598
600
601
602
602
603
603
603
603
603
605
610
611
613
613
614
614
614
615
617
619
619
621
621
622
623
623
624
624
626
628
629
630
630
631
636
637
638
639
639
640
642
643
643
643
643
643
643
645
645
647
647
647
650
652
653
655
656
656
660
663
665
665
666
669
670
670
671
673
674
677
678
678
680
681
681
682
682
684
684
686
691
693
693
693
693
693
693
694
696
696
696
698
699
699
704
705
707
708
708
708
709
709
709
711
713
715
718
718
718
720
720
721
725
727
727
729
730
730
732
732
732
732
733
733
755
756
756
758
763
763
765
767
768
771
771
776
777
777
778
778
781
781
782
782
785
787
787
789
789
791
792
187
195
203
207
208
208
215
218
221
228
235
236
244
247
251
256
258
259
260
269
270
273
279
288
293
298
302
302
305
319
320
329
329
329
333
333
336
338
342
344
344
346
346
346
350
351
358
360
364
370
376
380
384
384
385
387
391
395
397
404
405
406
407
407
410
410
410
415
424
425
428
431
437
438
446
451
457
461
463
468
472
474
475
475
483
483
488
496
504
507
516
517
520
522
524
526
528
528
541
550
550
550
551
552
560
564
564
567
575
577
580
587
596
598
598
611
622
623
624
627
631
637
640
647
647
647
651
654
657
662
663
666
666
667
668
669
670
677
677
678
680
680
688
693
694
696
698
699
700
709
710
718
718
718
718
718
720
724
724
725
732
732
733
733
733
734
736
739
744
745
759
761
763
766
767
782
782
791
792
796
797
801
807
809
813
814
818
819
821
822
824
831
839
841
845
847
847
851
855
856
857
858
860
860
860
864
868
869
870
872
872
875
875
878
878
882
883
885
887
887
888
891
894
895
896
898
902
904
906
909
910
911
912
914
917